# oST version 5.0 parameters


[image]

width
640

height
480

[narrow_stereo]

camera matrix
297.243060 0.000000 330.041900
0.000000 297.175564 260.588032
0.000000 0.000000 1.000000

distortion
-0.007150 -0.014016 -0.002337 0.000372 0.000000

rectification
1.000000 0.000000 0.000000
0.000000 1.000000 0.000000
0.000000 0.000000 1.000000

projection
288.206146 0.000000 331.694428 0.000000
0.000000 294.019043 259.900480 0.000000
0.000000 0.000000 1.000000 0.000000
